%YAML:1.0
    fids_100_41_128_64_fix: !!opencv-matrix
        rows: 1
        cols: 6144
        dt: i
        data: [ 2441, 4985, 3205, 
            2552, 4697, 280, 
            2357, 3926, 3655, 
            311, 506, 4746, 
            2024, 2406, 3783, 
            2362, 2361, 498, 
            1111, 2523, 1032, 
            2292, 2453, 3190, 
            1952, 2471, 1971, 
            1719, 2134, 1176, 
            4217, 116, 3959, 
            2295, 2212, 2693, 
            1577, 1533, 1702, 
            4550, 3943, 4454, 
            1833, 4023, 1868, 
            2789, 2708, 2674, 
            3755, 576, 2282, 
            4710, 693, 4394, 
            1410, 2183, 3045, 
            2664, 1902, 1639, 
            4779, 4761, 4716, 
            2998, 2903, 808, 
            3604, 3641, 4076, 
            2002, 1040, 719, 
            1023, 4662, 121, 
            2646, 2666, 2314, 
            2297, 2283, 4039, 
            4047, 3219, 4952, 
            792, 1305, 1019, 
            757, 1285, 2352, 
            3529, 1689, 2044, 
            4764, 4774, 3722, 
            2592, 4902, 4007, 
            1541, 2693, 2128, 
            2133, 4889, 1705, 
            731, 2243, 5030, 
            4058, 936, 1160, 
            1791, 617, 1676, 
            3142, 3020, 3447, 
            1604, 2652, 2158, 
            3027, 3119, 3003, 
            5033, 3095, 5084, 
            1341, 3065, 2804, 
            873, 2575, 4681, 
            2918, 3628, 1893, 
            2184, 2219, 4756, 
            4168, 1095, 563, 
            3832, 641, 3913, 
            4615, 2445, 3099, 
            3189, 4459, 1686, 
            4969, 824, 3438, 
            4424, 3371, 4760, 
            3182, 1849, 1335, 
            3402, 4900, 4732, 
            2498, 4978, 3956, 
            4056, 684, 1875, 
            4800, 4761, 471, 
            711, 539, 2793, 
            3001, 2008, 2805, 
            1576, 3578, 1976, 
            1760, 2773, 3931, 
            2194, 2726, 2587, 
            4488, 3420, 1626, 
            2296, 2346, 203, 
            4711, 313, 2103, 
            3767, 2341, 3286, 
            4843, 4977, 464, 
            1055, 1939, 2330, 
            4218, 4984, 4362, 
            4267, 4192, 4072, 
            4661, 4168, 3143, 
            2015, 3411, 3371, 
            5049, 1571, 1198, 
            2915, 3589, 2546, 
            503, 1628, 971, 
            2071, 2711, 2263, 
            3886, 3542, 3190, 
            1547, 8, 3596, 
            1176, 1706, 4111, 
            710, 2997, 690, 
            2138, 2124, 2573, 
            4936, 2910, 990, 
            3449, 2646, 2110, 
            2234, 1644, 4038, 
            358, 3737, 1367, 
            4780, 2921, 4316, 
            3192, 2035, 2045, 
            2979, 2723, 2718, 
            1427, 3910, 3365, 
            599, 2518, 3510, 
            3726, 3788, 2918, 
            1831, 3433, 1687, 
            30, 2814, 1111, 
            4216, 1700, 1726, 
            4028, 438, 2917, 
            3847, 3913, 4442, 
            1000, 1799, 3030, 
            4969, 3127, 776, 
            1588, 1467, 2719, 
            4795, 853, 2471, 
            2137, 920, 2245, 
            4313, 4810, 2280, 
            3587, 1577, 4018, 
            2982, 4825, 1905, 
            2095, 4867, 2411, 
            1097, 1912, 2373, 
            2531, 4118, 2080, 
            4770, 4823, 4025, 
            4239, 3235, 3166, 
            3597, 3798, 480, 
            4051, 3528, 4709, 
            3052, 4592, 4193, 
            4234, 4170, 4622, 
            5049, 4938, 2506, 
            4409, 2296, 3050, 
            4710, 2829, 1353, 
            632, 2455, 1627, 
            3182, 2097, 4608, 
            2736, 3907, 1686, 
            2298, 2364, 121, 
            1775, 4213, 2201, 
            2693, 2911, 3373, 
            3655, 3633, 1735, 
            1623, 616, 4880, 
            120, 4345, 4025, 
            1548, 3143, 2176, 
            2063, 2665, 1570, 
            4497, 1118, 1424, 
            541, 1561, 596, 
            2756, 536, 2659, 
            856, 1372, 264, 
            4470, 2982, 1256, 
            2903, 720, 2803, 
            1271, 951, 3695, 
            599, 102, 3002, 
            2877, 3457, 3372, 
            1111, 1881, 4795, 
            3705, 2519, 4813, 
            3189, 2807, 2660, 
            1688, 1161, 87, 
            683, 3734, 1795, 
            4868, 4912, 2665, 
            996, 781, 40, 
            1856, 3338, 4064, 
            2488, 2869, 1014, 
            279, 2118, 2413, 
            1175, 5026, 5114, 
            714, 442, 2818, 
            2583, 1361, 56, 
            3647, 4163, 2980, 
            3514, 2173, 1862, 
            4858, 4259, 1752, 
            2184, 2707, 4732, 
            2219, 2223, 3414, 
            3498, 3424, 2417, 
            4218, 5000, 4965, 
            2325, 1759, 3717, 
            600, 3332, 3141, 
            2902, 3897, 1010, 
            296, 4424, 3816, 
            3143, 2049, 649, 
            4970, 1981, 1935, 
            2229, 1686, 3720, 
            3146, 4028, 1023, 
            120, 2262, 293, 
            3464, 3529, 3788, 
            2678, 1689, 4252, 
            3862, 3588, 4328, 
            1317, 1331, 1808, 
            3073, 4099, 703, 
            2389, 3139, 3263, 
            2077, 4806, 2565, 
            1582, 4110, 3595, 
            4168, 617, 4282, 
            2043, 1549, 2739, 
            3578, 3500, 1577, 
            4049, 549, 4224, 
            2841, 2926, 2963, 
            1855, 2267, 1975, 
            4041, 3059, 3784, 
            1814, 2372, 1223, 
            1335, 3587, 3956, 
            4570, 5046, 3829, 
            3552, 4704, 1541, 
            675, 1223, 1111, 
            2120, 2487, 1127, 
            1141, 744, 1702, 
            2377, 2769, 3899, 
            2519, 4485, 2680, 
            104, 2184, 600, 
            2183, 4681, 4744, 
            5033, 5053, 1997, 
            2693, 2660, 808, 
            2438, 839, 1402, 
            362, 4196, 3588, 
            3254, 3831, 4061, 
            4497, 2144, 1270, 
            2598, 3684, 3652, 
            2735, 1914, 2441, 
            2298, 1961, 3834, 
            4430, 2965, 1751, 
            2410, 3246, 1845, 
            728, 1258, 3189, 
            1288, 1751, 4712, 
            2448, 768, 3049, 
            2120, 4055, 4555, 
            616, 1799, 3209, 
            1302, 1969, 4631, 
            104, 2013, 2134, 
            4762, 2048, 4652, 
            2790, 4667, 1586, 
            4331, 2661, 3369, 
            1806, 4364, 2814, 
            1021, 1128, 4058, 
            3191, 4226, 3013, 
            4058, 2005, 3739, 
            1975, 343, 3431, 
            3011, 3973, 246, 
            2293, 4865, 119, 
            2183, 2227, 4968, 
            4519, 2346, 1908, 
            5033, 1258, 2315, 
            1626, 2324, 4535, 
            2650, 2713, 1624, 
            3126, 4824, 3156, 
            2698, 4763, 2793, 
            2025, 3541, 2660, 
            3576, 2333, 1861, 
            4486, 5029, 2694, 
            615, 1021, 3877, 
            103, 742, 962, 
            390, 1207, 1721, 
            1687, 4712, 4057, 
            119, 145, 798, 
            630, 2837, 1574, 
            4266, 3706, 3026, 
            4710, 2950, 1306, 
            3913, 4621, 3386, 
            4676, 2708, 3125, 
            2050, 2532, 2379, 
            2311, 3860, 2630, 
            3641, 2041, 3705, 
            2635, 2137, 925, 
            2487, 1574, 1088, 
            2184, 4061, 2348, 
            4811, 2879, 2182, 
            425, 1970, 2088, 
            4232, 4316, 500, 
            2576, 4239, 631, 
            2115, 4247, 1983, 
            4558, 1687, 3150, 
            2671, 2820, 1044, 
            2532, 1042, 56, 
            780, 478, 3146, 
            1418, 326, 3672, 
            3660, 3944, 2040, 
            1071, 1901, 1929, 
            4747, 1578, 3028, 
