%YAML:1.0
    fids_168_69_176_88_fix: !!opencv-matrix
        rows: 1
        cols: 6144
        dt: i
        data: [ 4677, 4719, 8482, 
            5044, 1398, 7732, 
            7423, 8948, 7378, 
            7911, 4639, 4384, 
            7118, 2886, 7555, 
            1464, 2571, 8971, 
            5861, 5840, 7046, 
            5991, 5993, 4345, 
            4828, 4716, 4814, 
            4821, 1066, 5263, 
            1868, 3286, 4502, 
            6808, 9477, 3968, 
            581, 2644, 667, 
            3676, 1937, 1916, 
            2918, 4372, 9405, 
            3583, 4480, 3311, 
            5007, 626, 4902, 
            7909, 7913, 4495, 
            5728, 5679, 4825, 
            3178, 3989, 9, 
            2211, 3135, 1348, 
            5086, 4579, 6031, 
            6745, 6728, 7701, 
            7383, 8239, 6483, 
            9428, 8944, 8004, 
            7779, 196, 8764, 
            4362, 3423, 4278, 
            947, 7174, 5792, 
            4221, 9014, 9624, 
            910, 1930, 9145, 
            8916, 9112, 2891, 
            3714, 8677, 5330, 
            7710, 6881, 8589, 
            6758, 4590, 6760, 
            7115, 6375, 9119, 
            8810, 3968, 8000, 
            4833, 4861, 8902, 
            1067, 142, 5128, 
            5756, 6241, 3455, 
            1670, 7501, 7521, 
            651, 2817, 8902, 
            6810, 6808, 6983, 
            4849, 5991, 4893, 
            4368, 4414, 3653, 
            5574, 5528, 6545, 
            9207, 7934, 2188, 
            5176, 5222, 4055, 
            8790, 1325, 7845, 
            7805, 962, 5529, 
            4481, 3849, 6962, 
            3343, 90, 8637, 
            8171, 5837, 8223, 
            914, 5262, 5069, 
            4140, 5648, 3534, 
            9507, 3680, 3391, 
            9535, 9595, 835, 
            4320, 562, 6724, 
            164, 4432, 4318, 
            2430, 6546, 7706, 
            1353, 2388, 1297, 
            7644, 627, 8521, 
            4564, 4572, 3659, 
            3869, 9559, 5618, 
            7734, 6769, 8450, 
            6106, 5007, 6058, 
            4062, 3975, 4081, 
            9147, 9099, 3866, 
            3833, 7410, 8661, 
            4900, 6509, 1808, 
            4104, 2979, 1926, 
            5250, 1267, 57, 
            165, 3114, 6506, 
            1741, 9484, 6886, 
            8568, 8656, 7909, 
            604, 577, 539, 
            1132, 8007, 2169, 
            9012, 8992, 2409, 
            8024, 3826, 3292, 
            5531, 9513, 7716, 
            7359, 8194, 3231, 
            3506, 2021, 211, 
            9384, 625, 7874, 
            2790, 2011, 2939, 
            2118, 1819, 2134, 
            5884, 5864, 941, 
            9658, 8560, 5961, 
            7657, 7734, 9475, 
            8860, 8923, 260, 
            2033, 6852, 2006, 
            5242, 4403, 5217, 
            8395, 782, 3581, 
            7801, 5031, 5840, 
            119, 5388, 5772, 
            6852, 3033, 1102, 
            6791, 8851, 4781, 
            4848, 6981, 4100, 
            3989, 4986, 5969, 
            3479, 5796, 9176, 
            8763, 7964, 6154, 
            3995, 689, 1870, 
            1883, 1907, 5488, 
            1112, 60, 1152, 
            2166, 3374, 4146, 
            5153, 5156, 6154, 
            1132, 6122, 5548, 
            9672, 8623, 2704, 
            5840, 9497, 8523, 
            121, 3201, 6988, 
            6542, 4650, 2120, 
            8674, 848, 8604, 
            9080, 9119, 3160, 
            1827, 4708, 1264, 
            9649, 5398, 2746, 
            4619, 7935, 1352, 
            275, 2188, 6063, 
            3474, 25, 8466, 
            4398, 4776, 5671, 
            5972, 9463, 4878, 
            2607, 7876, 1221, 
            4987, 5085, 5932, 
            4720, 4648, 4828, 
            2996, 3386, 2253, 
            7308, 3855, 5126, 
            7360, 8288, 7466, 
            6697, 4456, 3678, 
            9406, 7519, 3533, 
            5484, 1862, 1824, 
            4481, 3038, 3533, 
            4764, 866, 4832, 
            5990, 8119, 2455, 
            8898, 9131, 3462, 
            3761, 142, 4387, 
            5228, 3352, 5166, 
            4362, 4450, 4513, 
            3982, 4061, 4818, 
            8830, 4751, 5864, 
            5219, 1108, 5348, 
            5067, 5108, 6095, 
            6057, 3943, 2917, 
            9431, 3815, 6922, 
            2912, 3340, 2964, 
            6632, 7735, 3712, 
            7801, 7777, 8860, 
            8923, 4058, 5851, 
            2754, 5118, 2056, 
            693, 1915, 1559, 
            3762, 6744, 798, 
            7705, 7731, 9427, 
            3266, 4537, 8899, 
            7957, 7914, 8071, 
            9532, 4562, 4670, 
            1423, 2458, 3406, 
            8948, 142, 8807, 
            1112, 7954, 4306, 
            4912, 5152, 2904, 
            9349, 6682, 4916, 
            3349, 3860, 9429, 
            6115, 5344, 6121, 
            4371, 691, 3003, 
            4280, 9058, 1892, 
            7386, 740, 7449, 
            576, 8712, 1803, 
            9107, 6775, 3941, 
            8550, 4962, 5263, 
            8739, 8298, 6809, 
            8366, 5530, 5988, 
            9557, 9616, 3639, 
            4930, 483, 7911, 
            5578, 5321, 6413, 
            4827, 1110, 1971, 
            7528, 3870, 464, 
            6568, 2108, 6844, 
            304, 5979, 6158, 
            5004, 5022, 5927, 
            3498, 1926, 3545, 
            4652, 5751, 4101, 
            6106, 4964, 4118, 
            3488, 3926, 9447, 
            9102, 9093, 3138, 
            4621, 8624, 9433, 
            890, 7222, 7226, 
            5990, 7283, 3967, 
            7374, 8768, 3670, 
            8221, 7166, 6816, 
            1262, 4832, 7426, 
            4548, 4547, 4392, 
            946, 759, 8973, 
            8090, 7231, 5107, 
            7401, 7292, 2406, 
            1396, 2610, 673, 
            1045, 3021, 9340, 
            4471, 4451, 4301, 
            5162, 4069, 6387, 
            4905, 3853, 3299, 
            121, 694, 4913, 
            1933, 3132, 5695, 
            5740, 5843, 6673, 
            8005, 6764, 6747, 
            9167, 4754, 7712, 
            561, 166, 110, 
            4654, 2111, 5981, 
            1997, 8857, 5552, 
            8540, 1965, 1068, 
            4031, 4143, 213, 
            5683, 5771, 5581, 
            3474, 5969, 5364, 
            1155, 6938, 5591, 
            1694, 5741, 1498, 
            7387, 3914, 2605, 
            3718, 833, 4594, 
            4226, 4410, 4142, 
            136, 8916, 9114, 
            5726, 6742, 5791, 
            718, 2674, 534, 
            2167, 3114, 4318, 
            1860, 9389, 8658, 
            1031, 8204, 5794, 
            7779, 8924, 7844, 
            1198, 5022, 1655, 
            2453, 5335, 7130, 
            8053, 7148, 3284, 
            1981, 2295, 4572, 
            7964, 9051, 8760, 
            3967, 1036, 7990, 
            1089, 5903, 1086, 
            120, 170, 8455, 
            2919, 2000, 4744, 
            5444, 7397, 7639, 
            1357, 3465, 4676, 
            122, 3090, 3826, 
            9630, 4422, 9672, 
            2058, 3687, 2000, 
            2166, 1166, 8081, 
            5948, 6256, 993, 
            3564, 5348, 9644, 
            997, 442, 982, 
            9351, 9427, 4, 
            4176, 5410, 4135, 
            8546, 1547, 5930, 
            2784, 4101, 3021, 
            1067, 116, 5403, 
            5170, 6380, 1077, 
            1155, 8676, 1228, 
            674, 8752, 3864, 
            4544, 4524, 959, 
            5833, 5861, 187, 
            3468, 1956, 5970, 
            5838, 4987, 4873, 
            5913, 4385, 3788, 
            5090, 6325, 3234, 
            3200, 9213, 4107, 
            8876, 8855, 8784, 
            1110, 5969, 9050, 
            1826, 439, 3853, 
            912, 906, 7729, 
            1449, 7841, 1464, 
            4607, 9411, 16, 
