%YAML:1.0
    hs_120_51_128_64_fix: !!opencv-matrix
        rows: 1
        cols: 8192
        dt: i
        data: [ 4171, -4071, 4171, -4071, 
            -4015, 4115, 4115, -4015, 
            -3299, 3399, 3399, -3299, 
            -3025, 3125, 3125, -3025, 
            -3076, 3176, -3076, 3176, 
            -2917, 3017, 3017, -2917, 
            2584, -2484, 2584, -2484, 
            -2640, 2740, 2740, -2640, 
            -2339, 2439, -2339, 2439, 
            2536, -2436, 2536, -2436, 
            -2310, 2410, 2410, -2310, 
            -2261, 2361, -2261, 2361, 
            2241, -2141, 2241, -2141, 
            -2253, 2353, -2253, 2353, 
            2314, -2214, 2314, -2214, 
            -2399, 2499, -2399, 2499, 
            -2180, 2280, 2280, -2180, 
            2180, -2080, 2180, -2080, 
            2000, -1900, 2000, -1900, 
            -1886, 1986, 1986, -1886, 
            2034, -1934, -1934, 2034, 
            2328, -2228, -2228, 2328, 
            -1705, 1805, -1705, 1805, 
            -1983, 2083, 2083, -1983, 
            -1813, 1913, -1813, 1913, 
            2103, -2003, -2003, 2103, 
            2107, -2007, 2107, -2007, 
            -1951, 2051, 2051, -1951, 
            -1779, 1879, 1879, -1779, 
            -1926, 2026, -1926, 2026, 
            -1649, 1749, 1749, -1649, 
            -1996, 2096, 2096, -1996, 
            -1930, 2030, 2030, -1930, 
            2046, -1946, -1946, 2046, 
            -1801, 1901, 1901, -1801, 
            -1879, 1979, -1879, 1979, 
            -2008, 2108, 2108, -2008, 
            2028, -1928, 2028, -1928, 
            1894, -1794, -1794, 1894, 
            -1808, 1908, 1908, -1808, 
            -1689, 1789, -1689, 1789, 
            -2086, 2186, -2086, 2186, 
            -1787, 1887, 1887, -1787, 
            1966, -1866, -1866, 1966, 
            -1626, 1726, 1726, -1626, 
            1754, -1654, -1654, 1754, 
            -1508, 1608, -1508, 1608, 
            -1878, 1978, 1978, -1878, 
            1927, -1827, -1827, 1927, 
            -2067, 2167, -2067, 2167, 
            2038, -1938, 2038, -1938, 
            1769, -1669, 1769, -1669, 
            -1860, 1960, 1960, -1860, 
            2019, -1919, 2019, -1919, 
            1606, -1506, -1506, 1606, 
            -1684, 1784, 1784, -1684, 
            1692, -1592, 1692, -1592, 
            1784, -1684, -1684, 1784, 
            -1942, 2042, 2042, -1942, 
            -1817, 1917, 1917, -1817, 
            1675, -1575, -1575, 1675, 
            -1927, 2027, -1927, 2027, 
            2010, -1910, 2010, -1910, 
            -1613, 1713, 1713, -1613, 
            -1860, 1960, 1960, -1860, 
            1839, -1739, -1739, 1839, 
            -1746, 1846, -1746, 1846, 
            -1814, 1914, 1914, -1814, 
            -1767, 1867, -1767, 1867, 
            1789, -1689, -1689, 1789, 
            -1773, 1873, -1773, 1873, 
            -1789, 1889, 1889, -1789, 
            -1742, 1842, 1842, -1742, 
            1753, -1653, -1653, 1753, 
            -1627, 1727, -1627, 1727, 
            1901, -1801, 1901, -1801, 
            -1731, 1831, 1831, -1731, 
            -1774, 1874, 1874, -1774, 
            -1437, 1537, -1437, 1537, 
            1712, -1612, -1612, 1712, 
            1866, -1766, -1766, 1866, 
            -1556, 1656, -1556, 1656, 
            -1728, 1828, -1728, 1828, 
            -1719, 1819, -1719, 1819, 
            1777, -1677, -1677, 1777, 
            -1854, 1954, 1954, -1854, 
            -1542, 1642, -1542, 1642, 
            1858, -1758, -1758, 1858, 
            -1779, 1879, 1879, -1779, 
            1631, -1531, -1531, 1631, 
            1780, -1680, 1780, -1680, 
            -1617, 1717, -1617, 1717, 
            -1729, 1829, -1729, 1829, 
            -1679, 1779, -1679, 1779, 
            1609, -1509, -1509, 1609, 
            -1602, 1702, -1602, 1702, 
            -1688, 1788, 1788, -1688, 
            1767, -1667, 1767, -1667, 
            -1699, 1799, 1799, -1699, 
            -1894, 1994, 1994, -1894, 
            1744, -1644, 1744, -1644, 
            -1655, 1755, -1655, 1755, 
            -1714, 1814, -1714, 1814, 
            1815, -1715, -1715, 1815, 
            -1808, 1908, -1808, 1908, 
            -1582, 1682, -1582, 1682, 
            -1751, 1851, 1851, -1751, 
            1832, -1732, 1832, -1732, 
            -1506, 1606, -1506, 1606, 
            1647, -1547, 1647, -1547, 
            1598, -1498, -1498, 1598, 
            -1826, 1926, 1926, -1826, 
            -1707, 1807, -1707, 1807, 
            1873, -1773, 1873, -1773, 
            -1538, 1638, -1538, 1638, 
            -2027, 2127, 2127, -2027, 
            1699, -1599, 1699, -1599, 
            -1492, 1592, 1592, -1492, 
            -1528, 1628, -1528, 1628, 
            -1911, 2011, 2011, -1911, 
            -1761, 1861, -1761, 1861, 
            -1573, 1673, -1573, 1673, 
            1753, -1653, 1753, -1653, 
            1713, -1613, -1613, 1713, 
            -1523, 1623, 1623, -1523, 
            1801, -1701, -1701, 1801, 
            -1408, 1508, -1408, 1508, 
            1734, -1634, 1734, -1634, 
            1646, -1546, 1646, -1546, 
            -1600, 1700, 1700, -1600, 
            -1767, 1867, 1867, -1767, 
            -1782, 1882, 1882, -1782, 
            -1773, 1873, -1773, 1873, 
            1874, -1774, -1774, 1874, 
            -1601, 1701, 1701, -1601, 
            1875, -1775, -1775, 1875, 
            -1690, 1790, 1790, -1690, 
            -1612, 1712, 1712, -1612, 
            -1552, 1652, -1552, 1652, 
            1700, -1600, -1600, 1700, 
            -1617, 1717, -1617, 1717, 
            1652, -1552, -1552, 1652, 
            1684, -1584, 1684, -1584, 
            -1512, 1612, -1512, 1612, 
            -1583, 1683, 1683, -1583, 
            -1768, 1868, -1768, 1868, 
            -1701, 1801, -1701, 1801, 
            -1581, 1681, 1681, -1581, 
            1611, -1511, 1611, -1511, 
            2006, -1906, -1906, 2006, 
            1728, -1628, 1728, -1628, 
            -1741, 1841, 1841, -1741, 
            -1554, 1654, -1554, 1654, 
            1694, -1594, -1594, 1694, 
            1588, -1488, 1588, -1488, 
            -1452, 1552, 1552, -1452, 
            -1604, 1704, 1704, -1604, 
            -1674, 1774, 1774, -1674, 
            -1677, 1777, -1677, 1777, 
            -1532, 1632, -1532, 1632, 
            -1535, 1635, 1635, -1535, 
            1800, -1700, -1700, 1800, 
            1830, -1730, -1730, 1830, 
            1564, -1464, 1564, -1464, 
            -1585, 1685, 1685, -1585, 
            -1805, 1905, -1805, 1905, 
            1850, -1750, -1750, 1850, 
            1814, -1714, -1714, 1814, 
            -1702, 1802, 1802, -1702, 
            -1722, 1822, -1722, 1822, 
            1663, -1563, 1663, -1563, 
            -1480, 1580, 1580, -1480, 
            -1751, 1851, -1751, 1851, 
            -1726, 1826, 1826, -1726, 
            -1690, 1790, -1690, 1790, 
            -1531, 1631, -1531, 1631, 
            -1428, 1528, -1428, 1528, 
            1661, -1561, -1561, 1661, 
            1746, -1646, 1746, -1646, 
            -1686, 1786, -1686, 1786, 
            -1595, 1695, -1595, 1695, 
            1640, -1540, -1540, 1640, 
            1633, -1533, 1633, -1533, 
            1578, -1478, -1478, 1578, 
            -1617, 1717, 1717, -1617, 
            1826, -1726, -1726, 1826, 
            1669, -1569, 1669, -1569, 
            1994, -1894, 1994, -1894, 
            -1580, 1680, 1680, -1580, 
            1776, -1676, 1776, -1676, 
            -1634, 1734, 1734, -1634, 
            -1626, 1726, -1626, 1726, 
            -1796, 1896, 1896, -1796, 
            -1553, 1653, -1553, 1653, 
            -1520, 1620, -1520, 1620, 
            1647, -1547, -1547, 1647, 
            -1593, 1693, 1693, -1593, 
            1757, -1657, -1657, 1757, 
            1687, -1587, -1587, 1687, 
            -1715, 1815, 1815, -1715, 
            1388, -1288, 1388, -1288, 
            -1721, 1821, -1721, 1821, 
