%YAML:1.0
    hs_168_69_176_88_fix: !!opencv-matrix
        rows: 1
        cols: 8192
        dt: i
        data: [ -4146, 4246, 4246, -4146, 
            3740, -3640, -3640, 3740, 
            -3512, 3612, 3612, -3512, 
            3137, -3037, -3037, 3137, 
            -2965, 3065, 3065, -2965, 
            -2859, 2959, -2859, 2959, 
            -3144, 3244, 3244, -3144, 
            -2704, 2804, 2804, -2704, 
            -2954, 3054, 3054, -2954, 
            2801, -2701, -2701, 2801, 
            2526, -2426, -2426, 2526, 
            -2396, 2496, -2396, 2496, 
            -2492, 2592, 2592, -2492, 
            2620, -2520, -2520, 2620, 
            -2315, 2415, -2315, 2415, 
            -2311, 2411, 2411, -2311, 
            2120, -2020, 2120, -2020, 
            -2123, 2223, -2123, 2223, 
            -2305, 2405, 2405, -2305, 
            -2136, 2236, 2236, -2136, 
            2292, -2192, 2292, -2192, 
            2089, -1989, 2089, -1989, 
            -2215, 2315, 2315, -2215, 
            -2013, 2113, 2113, -2013, 
            -2199, 2299, 2299, -2199, 
            2258, -2158, 2258, -2158, 
            2329, -2229, 2329, -2229, 
            1957, -1857, 1957, -1857, 
            -1861, 1961, -1861, 1961, 
            -2065, 2165, -2065, 2165, 
            -2050, 2150, -2050, 2150, 
            -1874, 1974, -1874, 1974, 
            1858, -1758, 1858, -1758, 
            -1662, 1762, 1762, -1662, 
            -2053, 2153, -2053, 2153, 
            -1907, 2007, 2007, -1907, 
            -2022, 2122, -2022, 2122, 
            -1809, 1909, -1809, 1909, 
            1884, -1784, 1884, -1784, 
            2011, -1911, -1911, 2011, 
            -1945, 2045, -1945, 2045, 
            -1995, 2095, 2095, -1995, 
            -2105, 2205, 2205, -2105, 
            -1931, 2031, 2031, -1931, 
            -1849, 1949, 1949, -1849, 
            -1998, 2098, -1998, 2098, 
            -1909, 2009, 2009, -1909, 
            1895, -1795, 1895, -1795, 
            -1849, 1949, -1849, 1949, 
            1952, -1852, -1852, 1952, 
            2100, -2000, -2000, 2100, 
            -1762, 1862, 1862, -1762, 
            -1913, 2013, -1913, 2013, 
            1745, -1645, 1745, -1645, 
            -1852, 1952, 1952, -1852, 
            -1926, 2026, -1926, 2026, 
            1919, -1819, -1819, 1919, 
            1982, -1882, -1882, 1982, 
            2142, -2042, -2042, 2142, 
            -1992, 2092, 2092, -1992, 
            1843, -1743, 1843, -1743, 
            -2051, 2151, 2151, -2051, 
            -1779, 1879, -1779, 1879, 
            -1783, 1883, -1783, 1883, 
            -1964, 2064, 2064, -1964, 
            -1841, 1941, 1941, -1841, 
            -1780, 1880, 1880, -1780, 
            1770, -1670, -1670, 1770, 
            -1779, 1879, 1879, -1779, 
            1883, -1783, -1783, 1883, 
            1738, -1638, -1638, 1738, 
            2084, -1984, 2084, -1984, 
            -1805, 1905, -1805, 1905, 
            -1864, 1964, -1864, 1964, 
            -1702, 1802, 1802, -1702, 
            1905, -1805, -1805, 1905, 
            -2037, 2137, -2037, 2137, 
            1877, -1777, 1877, -1777, 
            -1810, 1910, -1810, 1910, 
            -1553, 1653, -1553, 1653, 
            1868, -1768, -1768, 1868, 
            1854, -1754, 1854, -1754, 
            1725, -1625, 1725, -1625, 
            1831, -1731, 1831, -1731, 
            -1812, 1912, -1812, 1912, 
            -1761, 1861, -1761, 1861, 
            -1756, 1856, -1756, 1856, 
            -1982, 2082, 2082, -1982, 
            -1880, 1980, 1980, -1880, 
            -1714, 1814, 1814, -1714, 
            1800, -1700, 1800, -1700, 
            2280, -2180, -2180, 2280, 
            -2032, 2132, -2032, 2132, 
            -1811, 1911, -1811, 1911, 
            -1577, 1677, -1577, 1677, 
            1785, -1685, 1785, -1685, 
            -1753, 1853, -1753, 1853, 
            1718, -1618, -1618, 1718, 
            -1763, 1863, -1763, 1863, 
            1878, -1778, -1778, 1878, 
            -1486, 1586, -1486, 1586, 
            -1911, 2011, 2011, -1911, 
            1973, -1873, 1973, -1873, 
            -1846, 1946, 1946, -1846, 
            1812, -1712, -1712, 1812, 
            -1695, 1795, 1795, -1695, 
            -1809, 1909, 1909, -1809, 
            1901, -1801, 1901, -1801, 
            -1889, 1989, -1889, 1989, 
            1871, -1771, 1871, -1771, 
            -1897, 1997, 1997, -1897, 
            -1955, 2055, 2055, -1955, 
            -1698, 1798, -1698, 1798, 
            -2046, 2146, 2146, -2046, 
            -1801, 1901, -1801, 1901, 
            1912, -1812, 1912, -1812, 
            1740, -1640, 1740, -1640, 
            2022, -1922, 2022, -1922, 
            -1725, 1825, 1825, -1725, 
            -1600, 1700, 1700, -1600, 
            -1972, 2072, 2072, -1972, 
            1781, -1681, -1681, 1781, 
            1826, -1726, 1826, -1726, 
            -1576, 1676, 1676, -1576, 
            1832, -1732, 1832, -1732, 
            -1564, 1664, 1664, -1564, 
            1868, -1768, -1768, 1868, 
            1706, -1606, 1706, -1606, 
            1813, -1713, 1813, -1713, 
            1794, -1694, -1694, 1794, 
            -1522, 1622, 1622, -1522, 
            -1626, 1726, 1726, -1626, 
            1713, -1613, 1713, -1613, 
            -1717, 1817, 1817, -1717, 
            1816, -1716, 1816, -1716, 
            -1715, 1815, 1815, -1715, 
            1803, -1703, 1803, -1703, 
            -1753, 1853, 1853, -1753, 
            -1582, 1682, 1682, -1582, 
            -1713, 1813, -1713, 1813, 
            1885, -1785, -1785, 1885, 
            -1868, 1968, 1968, -1868, 
            -1835, 1935, 1935, -1835, 
            1745, -1645, -1645, 1745, 
            -1472, 1572, 1572, -1472, 
            -1840, 1940, -1840, 1940, 
            -1656, 1756, 1756, -1656, 
            -1683, 1783, -1683, 1783, 
            -1754, 1854, -1754, 1854, 
            -1639, 1739, 1739, -1639, 
            -1845, 1945, -1845, 1945, 
            -1849, 1949, 1949, -1849, 
            -1650, 1750, 1750, -1650, 
            -1844, 1944, -1844, 1944, 
            -1618, 1718, 1718, -1618, 
            -1805, 1905, -1805, 1905, 
            1737, -1637, -1637, 1737, 
            -1687, 1787, 1787, -1687, 
            1692, -1592, -1592, 1692, 
            -1795, 1895, -1795, 1895, 
            1655, -1555, 1655, -1555, 
            -1682, 1782, -1682, 1782, 
            -1724, 1824, 1824, -1724, 
            -1689, 1789, -1689, 1789, 
            -1721, 1821, -1721, 1821, 
            -1933, 2033, -1933, 2033, 
            -1691, 1791, 1791, -1691, 
            1788, -1688, -1688, 1788, 
            -1881, 1981, 1981, -1881, 
            2034, -1934, -1934, 2034, 
            1969, -1869, -1869, 1969, 
            1752, -1652, -1652, 1752, 
            1895, -1795, -1795, 1895, 
            -1814, 1914, 1914, -1814, 
            -1739, 1839, 1839, -1739, 
            -1818, 1918, 1918, -1818, 
            -1927, 2027, -1927, 2027, 
            1749, -1649, -1649, 1749, 
            -1626, 1726, 1726, -1626, 
            -1681, 1781, -1681, 1781, 
            1990, -1890, -1890, 1990, 
            1647, -1547, -1547, 1647, 
            -1772, 1872, 1872, -1772, 
            -1766, 1866, -1766, 1866, 
            1701, -1601, -1601, 1701, 
            -1958, 2058, 2058, -1958, 
            1804, -1704, -1704, 1804, 
            1735, -1635, -1635, 1735, 
            -1971, 2071, -1971, 2071, 
            -2044, 2144, 2144, -2044, 
            1834, -1734, -1734, 1834, 
            -1818, 1918, 1918, -1818, 
            -1787, 1887, 1887, -1787, 
            1795, -1695, 1795, -1695, 
            1839, -1739, -1739, 1839, 
            1738, -1638, 1738, -1638, 
            1682, -1582, -1582, 1682, 
            1879, -1779, -1779, 1879, 
            1890, -1790, -1790, 1890, 
            -1738, 1838, 1838, -1738, 
            1791, -1691, -1691, 1791, 
            -1538, 1638, -1538, 1638, 
