%YAML:1.0
    hs_100_41_128_64_fix: !!opencv-matrix
        rows: 1
        cols: 8192
        dt: i
        data: [ -4494, 4594, -4494, 4594, 
            -4054, 4154, 4154, -4054, 
            3594, -3494, -3494, 3594, 
            -3195, 3295, -3195, 3295, 
            -2961, 3061, 3061, -2961, 
            -2705, 2805, -2705, 2805, 
            2976, -2876, 2976, -2876, 
            -2413, 2513, -2413, 2513, 
            -2925, 3025, 3025, -2925, 
            -2441, 2541, -2441, 2541, 
            2935, -2835, 2935, -2835, 
            -2734, 2834, -2734, 2834, 
            -2289, 2389, 2389, -2289, 
            -2268, 2368, 2368, -2268, 
            -2039, 2139, 2139, -2039, 
            -2309, 2409, 2409, -2309, 
            2402, -2302, -2302, 2402, 
            2002, -1902, 2002, -1902, 
            2208, -2108, 2208, -2108, 
            1981, -1881, 1981, -1881, 
            -2178, 2278, 2278, -2178, 
            -2368, 2468, 2468, -2368, 
            -1873, 1973, 1973, -1873, 
            2013, -1913, 2013, -1913, 
            2007, -1907, -1907, 2007, 
            -2046, 2146, -2046, 2146, 
            -2052, 2152, -2052, 2152, 
            2027, -1927, -1927, 2027, 
            -1711, 1811, -1711, 1811, 
            -1770, 1870, 1870, -1770, 
            2351, -2251, 2351, -2251, 
            -1742, 1842, -1742, 1842, 
            -2045, 2145, 2145, -2045, 
            -2101, 2201, -2101, 2201, 
            -1995, 2095, 2095, -1995, 
            -1736, 1836, -1736, 1836, 
            1925, -1825, -1825, 1925, 
            1838, -1738, 1838, -1738, 
            -1803, 1903, 1903, -1803, 
            1818, -1718, -1718, 1818, 
            -1791, 1891, -1791, 1891, 
            1965, -1865, 1965, -1865, 
            -1834, 1934, -1834, 1934, 
            1905, -1805, -1805, 1905, 
            -1682, 1782, 1782, -1682, 
            -1712, 1812, 1812, -1712, 
            2119, -2019, -2019, 2119, 
            1847, -1747, 1847, -1747, 
            2115, -2015, 2115, -2015, 
            -1962, 2062, 2062, -1962, 
            2056, -1956, 2056, -1956, 
            -1804, 1904, -1804, 1904, 
            2206, -2106, -2106, 2206, 
            -1746, 1846, 1846, -1746, 
            1787, -1687, -1687, 1787, 
            1896, -1796, 1896, -1796, 
            -1502, 1602, -1502, 1602, 
            -1975, 2075, -1975, 2075, 
            1812, -1712, -1712, 1812, 
            -1668, 1768, -1668, 1768, 
            -1581, 1681, -1581, 1681, 
            -1696, 1796, -1696, 1796, 
            -1676, 1776, 1776, -1676, 
            -1811, 1911, -1811, 1911, 
            1918, -1818, 1918, -1818, 
            -1662, 1762, 1762, -1662, 
            -1606, 1706, -1606, 1706, 
            2220, -2120, -2120, 2220, 
            -1774, 1874, 1874, -1774, 
            -1802, 1902, -1802, 1902, 
            -1814, 1914, -1814, 1914, 
            1953, -1853, -1853, 1953, 
            1968, -1868, 1968, -1868, 
            -1646, 1746, 1746, -1646, 
            1909, -1809, 1909, -1809, 
            -1927, 2027, 2027, -1927, 
            1899, -1799, -1799, 1899, 
            1838, -1738, -1738, 1838, 
            2003, -1903, -1903, 2003, 
            -1943, 2043, 2043, -1943, 
            -1913, 2013, 2013, -1913, 
            -1682, 1782, -1682, 1782, 
            -1839, 1939, -1839, 1939, 
            2105, -2005, -2005, 2105, 
            2080, -1980, 2080, -1980, 
            -1779, 1879, 1879, -1779, 
            1932, -1832, 1932, -1832, 
            -1444, 1544, 1544, -1444, 
            1955, -1855, 1955, -1855, 
            1908, -1808, -1808, 1908, 
            -1685, 1785, -1685, 1785, 
            1841, -1741, 1841, -1741, 
            -1523, 1623, 1623, -1523, 
            1841, -1741, 1841, -1741, 
            1713, -1613, -1613, 1713, 
            -2011, 2111, 2111, -2011, 
            1953, -1853, 1953, -1853, 
            -1591, 1691, 1691, -1591, 
            -1700, 1800, -1700, 1800, 
            1913, -1813, -1813, 1913, 
            1832, -1732, -1732, 1832, 
            -1671, 1771, 1771, -1671, 
            1705, -1605, 1705, -1605, 
            -1659, 1759, 1759, -1659, 
            -1707, 1807, 1807, -1707, 
            1875, -1775, -1775, 1875, 
            1769, -1669, -1669, 1769, 
            -1455, 1555, -1455, 1555, 
            1848, -1748, -1748, 1848, 
            -1702, 1802, -1702, 1802, 
            -1680, 1780, -1680, 1780, 
            -1703, 1803, -1703, 1803, 
            -1701, 1801, 1801, -1701, 
            -1530, 1630, 1630, -1530, 
            1885, -1785, 1885, -1785, 
            -1650, 1750, -1650, 1750, 
            -1684, 1784, 1784, -1684, 
            -1526, 1626, -1526, 1626, 
            -1815, 1915, 1915, -1815, 
            -1745, 1845, -1745, 1845, 
            1800, -1700, 1800, -1700, 
            -1665, 1765, 1765, -1665, 
            -1571, 1671, 1671, -1571, 
            1712, -1612, -1612, 1712, 
            1881, -1781, -1781, 1881, 
            -1760, 1860, -1760, 1860, 
            -1856, 1956, 1956, -1856, 
            1846, -1746, -1746, 1846, 
            1717, -1617, 1717, -1617, 
            -1747, 1847, 1847, -1747, 
            -1534, 1634, 1634, -1534, 
            -1715, 1815, -1715, 1815, 
            1999, -1899, 1999, -1899, 
            1895, -1795, -1795, 1895, 
            -1736, 1836, -1736, 1836, 
            -1486, 1586, 1586, -1486, 
            1692, -1592, -1592, 1692, 
            1648, -1548, -1548, 1648, 
            -1613, 1713, 1713, -1613, 
            -1780, 1880, -1780, 1880, 
            1848, -1748, 1848, -1748, 
            -1814, 1914, -1814, 1914, 
            1739, -1639, 1739, -1639, 
            1594, -1494, 1594, -1494, 
            -1694, 1794, -1694, 1794, 
            -1720, 1820, 1820, -1720, 
            -1624, 1724, 1724, -1624, 
            1759, -1659, -1659, 1759, 
            1640, -1540, -1540, 1640, 
            1399, -1299, -1299, 1399, 
            -1572, 1672, 1672, -1572, 
            -1653, 1753, 1753, -1653, 
            -1704, 1804, 1804, -1704, 
            -1686, 1786, 1786, -1686, 
            1821, -1721, 1821, -1721, 
            -1607, 1707, -1607, 1707, 
            1864, -1764, -1764, 1864, 
            1750, -1650, -1650, 1750, 
            -1701, 1801, -1701, 1801, 
            2069, -1969, -1969, 2069, 
            -1667, 1767, 1767, -1667, 
            1701, -1601, 1701, -1601, 
            1758, -1658, 1758, -1658, 
            -1686, 1786, -1686, 1786, 
            1755, -1655, 1755, -1655, 
            -1570, 1670, -1570, 1670, 
            1682, -1582, 1682, -1582, 
            -1630, 1730, 1730, -1630, 
            -1502, 1602, 1602, -1502, 
            1895, -1795, 1895, -1795, 
            1832, -1732, -1732, 1832, 
            -1819, 1919, -1819, 1919, 
            -1732, 1832, -1732, 1832, 
            1755, -1655, 1755, -1655, 
            1657, -1557, -1557, 1657, 
            -1745, 1845, 1845, -1745, 
            -1643, 1743, -1643, 1743, 
            -1805, 1905, 1905, -1805, 
            -1742, 1842, -1742, 1842, 
            1748, -1648, 1748, -1648, 
            -1663, 1763, -1663, 1763, 
            -1740, 1840, -1740, 1840, 
            -1681, 1781, -1681, 1781, 
            -1880, 1980, 1980, -1880, 
            -1596, 1696, 1696, -1596, 
            -1878, 1978, 1978, -1878, 
            1749, -1649, 1749, -1649, 
            1729, -1629, -1629, 1729, 
            1836, -1736, -1736, 1836, 
            1878, -1778, 1878, -1778, 
            -1753, 1853, -1753, 1853, 
            -1728, 1828, 1828, -1728, 
            -1693, 1793, 1793, -1693, 
            -1771, 1871, -1771, 1871, 
            1762, -1662, -1662, 1762, 
            -1631, 1731, -1631, 1731, 
            -1579, 1679, -1579, 1679, 
            2067, -1967, -1967, 2067, 
            1442, -1342, -1342, 1442, 
            1885, -1785, -1785, 1885, 
            -1672, 1772, 1772, -1672, 
            -1727, 1827, 1827, -1727, 
