%YAML:1.0
    thrs_100_41_128_64_fix: !!opencv-matrix
        rows: 1
        cols: 6144
        dt: i
        data: [ 8, 21, 2, 
            2, 3, 34, 
            8, 1, 4, 
            55, 56, 12, 
            10, 3, 1, 
            6, 8, 89, 
            98, 3, 76, 
            9, 10, 5, 
            20, 2, 14, 
            19, 3, 163, 
            5, 23, 8, 
            3, 4, 12, 
            31, 61, 9, 
            3, 22, 4, 
            42, 3, 16, 
            8, 10, 9, 
            3, 144, 12, 
            9, 36, 5, 
            64, 1, 5, 
            8, 12, 59, 
            4, 7, 7, 
            2, 10, 138, 
            8, 11, 10, 
            22, 135, 35, 
            138, 2, 74, 
            8, 9, 4, 
            7, 3, 10, 
            6, 7, 9, 
            39, 21, 143, 
            40, 20, 2, 
            3, 16, 33, 
            10, 14, 3, 
            1, 9, 9, 
            24, 4, 15, 
            4, 18, 48, 
            38, 2, 8, 
            3, 38, 39, 
            23, 106, 18, 
            4, 9, 6, 
            12, 3, 15, 
            3, 1, 12, 
            5, 2, 4, 
            64, 8, 3, 
            95, 8, 10, 
            10, 13, 65, 
            3, 2, 3, 
            4, 29, 51, 
            10, 33, 4, 
            1, 1, 8, 
            9, 8, 52, 
            3, 21, 4, 
            2, 2, 23, 
            1, 9, 34, 
            2, 2, 1, 
            1, 4, 7, 
            4, 36, 47, 
            8, 11, 80, 
            94, 39, 10, 
            7, 17, 2, 
            15, 1, 37, 
            17, 2, 7, 
            5, 12, 1, 
            3, 1, 14, 
            4, 2, 134, 
            8, 30, 10, 
            5, 3, 2, 
            9, 13, 73, 
            142, 40, 14, 
            7, 12, 8, 
            5, 1, 17, 
            4, 3, 9, 
            12, 4, 9, 
            2, 4, 163, 
            12, 26, 3, 
            84, 13, 186, 
            8, 14, 11, 
            4, 5, 13, 
            23, 165, 18, 
            62, 11, 1, 
            42, 3, 36, 
            3, 5, 8, 
            6, 9, 85, 
            5, 3, 33, 
            6, 12, 3, 
            72, 6, 11, 
            5, 8, 5, 
            4, 8, 40, 
            9, 18, 6, 
            53, 1, 6, 
            87, 8, 7, 
            4, 6, 3, 
            31, 3, 21, 
            129, 7, 140, 
            5, 11, 64, 
            7, 114, 14, 
            2, 3, 4, 
            125, 7, 4, 
            4, 8, 123, 
            34, 37, 11, 
            8, 27, 5, 
            4, 19, 2, 
            2, 1, 2, 
            5, 14, 12, 
            4, 10, 37, 
            6, 8, 24, 
            88, 33, 13, 
            2, 6, 15, 
            9, 10, 4, 
            5, 6, 9, 
            3, 16, 86, 
            10, 1, 12, 
            1, 1, 11, 
            3, 10, 7, 
            8, 8, 11, 
            3, 11, 1, 
            5, 10, 32, 
            56, 3, 17, 
            2, 10, 1, 
            3, 2, 12, 
            4, 6, 61, 
            22, 6, 3, 
            7, 10, 6, 
            9, 7, 54, 
            45, 77, 14, 
            90, 1, 3, 
            36, 2, 9, 
            7, 11, 41, 
            4, 91, 136, 
            79, 12, 166, 
            7, 133, 5, 
            60, 40, 46, 
            5, 2, 137, 
            5, 23, 6, 
            33, 36, 3, 
            102, 70, 9, 
            6, 1, 1, 
            33, 31, 11, 
            12, 7, 14, 
            10, 9, 9, 
            35, 32, 126, 
            50, 5, 14, 
            3, 5, 4, 
            49, 25, 157, 
            13, 5, 1, 
            3, 8, 73, 
            48, 3, 1, 
            69, 5, 5, 
            37, 108, 8, 
            7, 154, 163, 
            1, 5, 19, 
            2, 15, 57, 
            5, 13, 60, 
            4, 2, 1, 
            5, 10, 5, 
            3, 3, 2, 
            10, 11, 1, 
            6, 16, 1, 
            65, 4, 9, 
            4, 5, 97, 
            81, 4, 10, 
            5, 33, 130, 
            4, 7, 40, 
            7, 7, 10, 
            4, 2, 142, 
            124, 4, 139, 
            1, 2, 12, 
            5, 10, 11, 
            6, 7, 7, 
            62, 74, 28, 
            4, 5, 44, 
            6, 2, 1, 
            5, 11, 1, 
            23, 1, 7, 
            8, 46, 7, 
            7, 33, 10, 
            1, 10, 51, 
            7, 39, 9, 
            8, 8, 4, 
            24, 2, 48, 
            9, 1, 10, 
            21, 2, 134, 
            45, 16, 3, 
            5, 2, 12, 
            1, 10, 43, 
            65, 32, 24, 
            2, 23, 125, 
            116, 25, 45, 
            9, 2, 1, 
            2, 3, 10, 
            76, 1, 137, 
            5, 4, 15, 
            3, 5, 29, 
            3, 7, 103, 
            5, 158, 49, 
            58, 6, 16, 
            7, 2, 18, 
            3, 7, 134, 
            6, 13, 10, 
            8, 20, 5, 
            6, 26, 1, 
            7, 13, 34, 
            4, 6, 53, 
            40, 17, 12, 
            37, 9, 6, 
            1, 55, 1, 
            15, 3, 7, 
            72, 34, 14, 
            34, 7, 11, 
            136, 6, 7, 
            3, 7, 7, 
            10, 6, 47, 
            4, 14, 2, 
            13, 1, 15, 
            82, 36, 3, 
            4, 11, 2, 
            7, 36, 17, 
            38, 33, 6, 
            4, 1, 51, 
            4, 9, 65, 
            3, 5, 21, 
            4, 2, 22, 
            4, 36, 7, 
            35, 14, 9, 
            6, 8, 63, 
            4, 10, 8, 
            5, 4, 3, 
            20, 5, 3, 
            2, 11, 15, 
            2, 3, 15, 
            106, 47, 6, 
            126, 27, 102, 
            96, 33, 47, 
            33, 3, 20, 
            111, 137, 164, 
            85, 1, 20, 
            3, 2, 1, 
            5, 11, 33, 
            1, 1, 2, 
            6, 2, 12, 
            4, 1, 5, 
            3, 9, 10, 
            8, 7, 14, 
            2, 3, 120, 
            2, 13, 197, 
            1, 7, 2, 
            6, 8, 12, 
            109, 40, 14, 
            5, 9, 88, 
            4, 6, 57, 
            4, 6, 32, 
            2, 6, 2, 
            12, 10, 55, 
            5, 200, 148, 
            28, 126, 2, 
            52, 26, 2, 
            20, 22, 9, 
            132, 51, 38, 
            14, 8, 3, 
            2, 8, 6, 
            3, 15, 3, 
            5, 33, 17, 
            90, 2, 45, 
            3, 1, 20, 
            103, 8, 44, 
            4, 9, 5, 
            5, 4, 2, 
            3, 4, 54, 
            44, 4, 1, 
            1, 35, 56, 
            14, 10, 3, 
            95, 1, 117, 
            11, 132, 219, 
            4, 7, 17, 
            2, 3, 45, 
            3, 9, 5, 
            3, 2, 2, 
            90, 88, 154, 
            6, 4, 1, 
            23, 89, 11, 
            6, 36, 35, 
            40, 44, 8, 
            144, 39, 1, 
            9, 9, 12, 
            32, 1, 19, 
            11, 21, 43, 
            3, 2, 12, 
            8, 8, 4, 
            4, 13, 10, 
            17, 1, 11, 
            84, 51, 82, 
            9, 9, 135, 
            33, 32, 142, 
            56, 150, 2, 
            104, 7, 148, 
            1, 145, 4, 
            4, 35, 2, 
            107, 2, 3, 
            2, 9, 7, 
            16, 1, 1, 
            4, 13, 1, 
            28, 3, 61, 
            108, 1, 140, 
            5, 7, 8, 
            38, 29, 3, 
            19, 1, 148, 
            5, 11, 3, 
            2, 7, 57, 
            5, 13, 41, 
            3, 79, 52, 
            8, 9, 1, 
            4, 142, 14, 
            11, 28, 7, 
            42, 1, 1, 
            7, 2, 5, 
            37, 1, 3, 
            8, 1, 40, 
            115, 3, 9, 
            108, 184, 7, 
            94, 5, 1, 
            61, 104, 7, 
            45, 28, 163, 
            5, 3, 11, 
            40, 162, 22, 
            6, 10, 1, 
            8, 65, 54, 
            115, 142, 135, 
            4, 3, 11, 
            7, 2, 28, 
            12, 13, 86, 
            2, 9, 35, 
            10, 17, 3, 
            5, 8, 5, 
            9, 6, 29, 
