%YAML:1.0
    thrs_168_69_176_88_fix: !!opencv-matrix
        rows: 1
        cols: 6144
        dt: i
        data: [ 5, 7, 4, 
            5, 29, 2, 
            2, 3, 1, 
            5, 1, 2, 
            2, 50, 1, 
            47, 32, 11, 
            3, 5, 5, 
            5, 6, 6, 
            3, 2, 1, 
            3, 125, 17, 
            124, 7, 3, 
            6, 13, 2, 
            85, 62, 57, 
            24, 192, 132, 
            22, 3, 7, 
            22, 1, 13, 
            8, 36, 7, 
            4, 7, 2, 
            3, 6, 4, 
            24, 2, 27, 
            64, 6, 140, 
            6, 1, 6, 
            2, 6, 12, 
            1, 1, 1, 
            3, 14, 5, 
            3, 67, 6, 
            5, 7, 5, 
            89, 1, 6, 
            8, 8, 2, 
            74, 34, 9, 
            3, 1, 118, 
            14, 2, 10, 
            3, 1, 3, 
            6, 1, 4, 
            1, 1, 12, 
            5, 6, 6, 
            3, 1, 18, 
            43, 30, 9, 
            3, 1, 36, 
            89, 1, 1, 
            60, 43, 11, 
            6, 9, 9, 
            5, 2, 3, 
            1, 1, 9, 
            3, 3, 5, 
            2, 1, 176, 
            2, 2, 9, 
            8, 44, 9, 
            4, 64, 7, 
            7, 5, 2, 
            16, 161, 5, 
            6, 7, 6, 
            102, 1, 15, 
            5, 1, 52, 
            2, 8, 7, 
            3, 4, 69, 
            6, 155, 8, 
            125, 1, 5, 
            32, 1, 1, 
            49, 32, 36, 
            4, 102, 2, 
            4, 5, 38, 
            8, 1, 8, 
            7, 5, 1, 
            2, 2, 2, 
            9, 5, 1, 
            1, 3, 42, 
            11, 6, 12, 
            4, 1, 28, 
            4, 51, 110, 
            6, 37, 82, 
            77, 12, 5, 
            117, 8, 3, 
            2, 1, 7, 
            57, 56, 42, 
            130, 5, 215, 
            5, 5, 45, 
            4, 26, 10, 
            4, 4, 2, 
            1, 1, 38, 
            40, 195, 224, 
            8, 22, 8, 
            60, 22, 46, 
            135, 47, 171, 
            2, 5, 53, 
            1, 1, 12, 
            6, 2, 5, 
            3, 3, 32, 
            102, 1, 80, 
            5, 7, 5, 
            3, 136, 13, 
            7, 2, 3, 
            96, 10, 2, 
            7, 4, 137, 
            13, 15, 1, 
            5, 8, 2, 
            5, 7, 4, 
            20, 4, 7, 
            3, 1, 14, 
            3, 33, 34, 
            34, 27, 4, 
            75, 48, 63, 
            80, 7, 16, 
            4, 3, 4, 
            57, 3, 8, 
            5, 1, 20, 
            7, 10, 3, 
            65, 5, 6, 
            2, 2, 141, 
            4, 53, 6, 
            3, 5, 33, 
            74, 6, 106, 
            2, 9, 48, 
            2, 2, 44, 
            126, 109, 1, 
            26, 164, 2, 
            9, 1, 4, 
            4, 1, 6, 
            95, 1, 97, 
            8, 12, 8, 
            2, 5, 9, 
            9, 17, 172, 
            2, 16, 11, 
            1, 1, 1, 
            4, 3, 49, 
            6, 9, 55, 
            2, 41, 55, 
            5, 9, 46, 
            7, 42, 5, 
            8, 3, 33, 
            13, 10, 43, 
            30, 39, 2, 
            7, 10, 9, 
            3, 4, 8, 
            6, 1, 7, 
            5, 7, 7, 
            4, 48, 6, 
            6, 9, 8, 
            4, 1, 14, 
            3, 33, 3, 
            20, 39, 51, 
            2, 3, 15, 
            2, 3, 9, 
            12, 1, 1, 
            53, 11, 111, 
            60, 47, 108, 
            11, 1, 31, 
            3, 6, 2, 
            15, 3, 13, 
            2, 5, 11, 
            2, 2, 11, 
            40, 23, 13, 
            10, 123, 13, 
            82, 1, 12, 
            12, 9, 38, 
            4, 1, 11, 
            14, 38, 10, 
            1, 5, 5, 
            3, 42, 21, 
            2, 1, 155, 
            4, 22, 7, 
            172, 1, 177, 
            2, 1, 1, 
            1, 3, 8, 
            4, 1, 12, 
            2, 1, 11, 
            4, 5, 34, 
            6, 172, 11, 
            6, 7, 4, 
            3, 143, 100, 
            5, 7, 83, 
            3, 152, 4, 
            137, 1, 1, 
            5, 11, 8, 
            23, 43, 14, 
            9, 6, 11, 
            2, 2, 8, 
            16, 8, 8, 
            2, 7, 56, 
            1, 1, 8, 
            110, 10, 8, 
            8, 1, 2, 
            2, 12, 46, 
            2, 2, 18, 
            183, 5, 10, 
            5, 7, 8, 
            103, 21, 3, 
            7, 9, 16, 
            1, 1, 150, 
            90, 49, 52, 
            85, 48, 10, 
            4, 3, 11, 
            5, 12, 3, 
            5, 43, 14, 
            115, 24, 4, 
            75, 9, 7, 
            4, 1, 2, 
            7, 7, 10, 
            5, 1, 4, 
            85, 49, 70, 
            6, 24, 2, 
            100, 2, 10, 
            3, 43, 49, 
            4, 3, 191, 
            2, 3, 5, 
            20, 2, 6, 
            47, 8, 9, 
            78, 2, 181, 
            5, 15, 120, 
            31, 37, 1, 
            7, 1, 9, 
            92, 1, 2, 
            4, 4, 5, 
            60, 32, 52, 
            46, 10, 1, 
            47, 4, 9, 
            52, 1, 4, 
            7, 8, 7, 
            81, 2, 151, 
            67, 1, 1, 
            3, 1, 6, 
            80, 18, 16, 
            2, 6, 8, 
            6, 126, 4, 
            67, 9, 58, 
            69, 126, 5, 
            10, 177, 6, 
            6, 7, 2, 
            110, 33, 2, 
            97, 11, 36, 
            4, 10, 5, 
            88, 36, 80, 
            80, 167, 4, 
            2, 12, 180, 
            11, 1, 6, 
            124, 32, 107, 
            1, 4, 159, 
            8, 7, 7, 
            3, 149, 6, 
            70, 1, 29, 
            66, 59, 6, 
            2, 1, 112, 
            114, 1, 91, 
            29, 5, 14, 
            6, 6, 74, 
            1, 1, 160, 
            26, 194, 9, 
            5, 7, 3, 
            6, 15, 11, 
            7, 5, 45, 
            23, 1, 2, 
            5, 5, 7, 
            55, 1, 8, 
            68, 59, 40, 
            59, 38, 11, 
            107, 1, 130, 
            3, 6, 47, 
            18, 3, 9, 
            21, 1, 8, 
            75, 8, 34, 
            7, 7, 7, 
            3, 176, 7, 
            1, 1, 13, 
            74, 110, 41, 
            81, 2, 11, 
            30, 3, 14, 
            3, 6, 1, 
            5, 7, 15, 
            2, 2, 12, 
            1, 8, 3, 
            1, 2, 1, 
            7, 18, 121, 
            74, 6, 58, 
            4, 5, 5, 
            3, 2, 35, 
            1, 24, 2, 
            16, 75, 9, 
            104, 9, 171, 
            98, 12, 158, 
            1, 1, 14, 
            46, 1, 2, 
            6, 7, 6, 
            2, 2, 7, 
            2, 7, 2, 
            2, 2, 10, 
            2, 3, 2, 
            33, 4, 164, 
            88, 51, 2, 
            12, 1, 11, 
            110, 48, 1, 
            7, 1, 33, 
            7, 8, 43, 
            33, 1, 42, 
            9, 1, 8, 
            5, 8, 5, 
            7, 1, 171, 
            12, 10, 13, 
            2, 3, 5, 
            6, 8, 38, 
            4, 2, 16, 
            1, 6, 47, 
            7, 15, 6, 
            89, 25, 2, 
            87, 1, 8, 
            3, 5, 5, 
            17, 126, 14, 
            7, 28, 4, 
            59, 84, 2, 
            17, 11, 10, 
            5, 2, 129, 
            2, 4, 5, 
            2, 2, 1, 
            3, 173, 37, 
            4, 11, 7, 
            4, 9, 6, 
            3, 1, 7, 
            4, 1, 80, 
            7, 4, 157, 
            5, 8, 43, 
            3, 95, 7, 
            7, 6, 10, 
            3, 1, 14, 
            1, 2, 1, 
            4, 9, 4, 
            4, 7, 2, 
            1, 43, 119, 
            89, 7, 13, 
            71, 4, 117, 
            3, 4, 92, 
            8, 5, 7, 
            42, 15, 2, 
            5, 4, 6, 
            7, 9, 57, 
            139, 1, 7, 
            143, 1, 54, 
            59, 38, 1, 
